Rank,Player,Total Win,Total Games,Reg Win,Playoff Teams,Playoff Win,Total Win%
1,Brandon,233,426,224,10,9,54.7
2,Alex,230,429,222,13,8,53.6
3,Jordan,222,430,208,10,14,51.6
4,Jackson,220,412,209,11,11,53.4
5,JP,213,425,204,9,9,50.1
6,Mike,211,420,206,8,5,50.2
7,Dan,206,422,202,10,4,48.8
8,Leftover,105,332,100,4,5,31.6
9,Victoria,50,89,46,3,4,56.2
10,Cameron,6,16,6,0,0,37.5
