Rank,Player,Total Win,Total Games,Reg Win,Playoff Teams,Playoff Win,Total Win%
1,Brandon,241,446,232,10,9,54.0
2,Alex,238,448,230,13,8,53.1
3,Jordan,229,446,215,10,14,51.3
4,JP,225,443,216,9,9,50.8
5,Jackson,220,412,209,11,11,53.4
6,Mike,219,439,214,8,5,49.9
7,Dan,218,440,214,10,4,49.5
8,Leftover,105,332,100,4,5,31.6
9,Victoria,60,108,56,3,4,55.6
10,Cameron,15,35,15,0,0,42.9
