Rank,Player,Total Win,Total Games,Reg Win,Playoff Teams,Playoff Win,Total Win%
1,Brandon,255,466,246,10,9,54.7
2,Alex,246,469,238,13,8,52.5
3,Jordan,240,470,226,10,14,51.1
4,JP,238,465,229,9,9,51.2
5,Dan,228,462,224,10,4,49.4
6,Mike,227,460,222,8,5,49.3
7,Jackson,220,412,209,11,11,53.4
8,Leftover,105,332,100,4,5,31.6
9,Victoria,73,129,69,3,4,56.6
10,Cameron,24,56,24,0,0,42.9
