Rank,Player,Total Win,Total Games,Reg Win,Playoff Teams,Playoff Win,Total Win%
1,Brandon,230,421,221,10,9,54.6
2,Alex,226,424,218,13,8,53.3
3,Jackson,220,412,209,11,11,53.4
3,Jordan,220,426,206,10,14,51.6
5,JP,211,420,202,9,9,50.2
6,Mike,209,416,204,8,5,50.2
7,Dan,203,416,199,10,4,48.8
8,Leftover,105,332,100,4,5,31.6
9,Victoria,48,84,44,3,4,57.1
10,Cameron,5,12,5,0,0,41.7
