Rank,Player,Total Win,Total Games,Reg Win,Playoff Teams,Playoff Win,Total Win%
1,Brandon,256,471,247,11,9,54.4
2,Alex,249,473,241,13,8,52.6
3,Jordan,241,475,227,10,14,50.7
4,JP,240,469,231,9,9,51.2
5,Dan,232,467,228,11,4,49.7
6,Mike,230,467,225,8,5,49.3
7,Jackson,220,412,209,11,11,53.4
8,Leftover,105,332,100,4,5,31.6
9,Victoria,77,133,73,3,4,57.9
10,Cameron,25,60,25,0,0,41.7
