Rank,Player,Total Win,Total Games,Reg Win,Playoff Teams,Playoff Win,Total Win%
1,Brandon,237,434,228,10,9,54.6
2,Alex,233,437,225,13,8,53.3
3,Jordan,225,436,211,10,14,51.6
4,Jackson,220,412,209,11,11,53.4
5,JP,217,431,208,9,9,50.3
6,Mike,215,428,210,8,5,50.2
7,Dan,210,428,206,10,4,49.1
8,Leftover,105,332,100,4,5,31.6
9,Victoria,54,96,50,3,4,56.2
10,Cameron,8,23,8,0,0,34.8
