Rank,Player,Total Win,Total Games,Reg Win,Playoff Teams,Playoff Win,Total Win%
1,Brandon,250,459,241,10,9,54.5
2,Alex,243,463,235,13,8,52.5
3,Jordan,237,462,223,10,14,51.3
4,JP,235,458,226,9,9,51.3
5,Mike,225,454,220,8,5,49.6
6,Dan,223,454,219,10,4,49.1
7,Jackson,220,412,209,11,11,53.4
8,Leftover,105,332,100,4,5,31.6
9,Victoria,68,121,64,3,4,56.2
10,Cameron,21,48,21,0,0,43.8
