Rank,Player,Total Win,Total Games,Reg Win,Playoff Teams,Playoff Win,Total Win%
1,Brandon,238,437,229,10,9,54.5
2,Alex,235,440,227,13,8,53.4
3,Jordan,226,440,212,10,14,51.4
4,Jackson,220,412,209,11,11,53.4
4,JP,220,434,211,9,9,50.7
6,Mike,216,430,211,8,5,50.2
7,Dan,212,432,208,10,4,49.1
8,Leftover,105,332,100,4,5,31.6
9,Victoria,56,100,52,3,4,56.0
10,Cameron,9,26,9,0,0,34.6
