Rank,Player,Total Win,Total Games,Reg Win,Playoff Teams,Playoff Win,Total Win%
1,Brandon,247,455,238,10,9,54.3
2,Alex,240,459,232,13,8,52.3
3,Jordan,236,458,222,10,14,51.5
4,JP,232,454,223,9,9,51.1
5,Mike,224,450,219,8,5,49.8
6,Dan,221,450,217,10,4,49.1
7,Jackson,220,412,209,11,11,53.4
8,Leftover,105,332,100,4,5,31.6
9,Victoria,66,117,62,3,4,56.4
10,Cameron,20,44,20,0,0,45.5
