Rank,Player,Total Win,Total Games,Reg Win,Playoff Teams,Playoff Win,Total Win%
1,Brandon,260,478,251,13,9,54.4
2,Alex,253,481,245,14,8,52.6
3,JP,246,477,237,12,9,51.6
4,Jordan,242,482,228,11,14,50.2
5,Mike,234,472,229,9,5,49.6
5,Dan,234,474,230,12,4,49.4
7,Jackson,220,412,209,11,11,53.4
8,Leftover,105,332,100,4,5,31.6
9,Victoria,81,141,77,5,4,57.4
10,Cameron,29,68,29,1,0,42.6
