Rank,Player,Total Win,Total Games,Reg Win,Playoff Teams,Playoff Win,Total Win%
1,Brandon,255,466,246,10,9,54.7
2,Alex,246,469,238,13,8,52.5
3,Jordan,240,470,226,10,14,51.1
4,JP,238,465,229,9,9,51.2
5,Mike,227,459,222,8,5,49.5
5,Dan,227,461,223,10,4,49.2
7,Jackson,220,412,209,11,11,53.4
8,Leftover,105,332,100,4,5,31.6
9,Victoria,72,128,68,3,4,56.2
10,Cameron,24,55,24,0,0,43.6
