Rank,Player,Total Win,Total Games,Reg Win,Playoff Teams,Playoff Win,Total Win%
1,Brandon,258,474,249,12,9,54.4
2,Alex,250,477,242,13,8,52.4
3,JP,243,473,234,9,9,51.4
4,Jordan,242,478,228,10,14,50.6
5,Dan,234,470,230,11,4,49.8
6,Mike,230,468,225,8,5,49.1
7,Jackson,220,412,209,11,11,53.4
8,Leftover,105,332,100,4,5,31.6
9,Victoria,79,137,75,3,4,57.7
10,Cameron,27,64,27,1,0,42.2
